10101000001011001000000000010000
10101010000101010010000000001111
10101100000111010010000000000001
10101100001101011010000000000011
10010000001111011000000000010101
10100000000100000011111111111010
10100010000001000010000000101101
10100100001001000110000000000100
10100110000011001000000000010000
10101000001011001000000000010000
10101010000101010010000000001111
10101100000111010010000000000001
10101100001101011010000000000011
10010000001111011000000000010101
10100000000100000011111111111010
10100010000001000010000000101101
10100100001001000110000000000100
10100110000011001000000000010000
10101000001011001000000000010000
10101010000101010010000000001111
10101100000111010010000000000001
10101100001101011010000000000011
10010000001111011000000000010101
10100000000100000011111111111010
10100010000001000010000000101101
10100100001001000110000000000100
10100110000011001000000000010000
10101000001011001000000000010000
10101010000101010010000000001111
10101100000111010010000000000001
10101100001101011010000000000011
10010000001111011000000000010101
10100000000100000011111111111010
10100010000001000010000000101101
10100100001001000110000000000100
10100110000011001000000000010000
10101000001011001000000000010000
10101010000101010010000000001111
10101100000111010010000000000001
10101100001101011010000000000011
10010000001111011000000000010101
10100000000100000011111111111010
10100010000001000010000000101101
10100100001001000110000000000100
10100110000011001000000000010000
10101000001011001000000000010000
10101010000101010010000000001111
10101100000111010010000000000001
10101100001101011010000000000011
10010000001111011000000000010101
10100000000100000011111111111010
10100010000001000010000000101101
10100100001001000110000000000100
10100110000011001000000000010000
10101000001011001000000000010000
10101010000101010010000000001111
10101100000111010010000000000001
10101100001101011010000000000011
10010000001111011000000000010101
10100000000100000011111111111010
10100010000001000010000000101101
10100100001001000110000000000100
10100110000011001000000000010000
10100110000011001000000000010000